325 869
125 869
116 869
41 869
325 860
316 860
300 860
291 860
225 860
175 860
166 860
141 860
125 860
66 860
50 860
291 851
275 851
266 851
241 851
216 851
175 851
141 851
125 851
75 851
66 851
41 851
2341 827
2291 827
2266 827
2141 827
2066 827
2025 827
1875 827
1866 827
1816 827
1741 827
1641 827
1616 827
1541 827
1500 827
1450 827
1400 827
1375 827
1350 827
1300 827
1275 827
1191 827
1116 827
1016 827
891 827
875 827
825 827
775 827
750 827
725 827
675 827
650 827
591 827
516 827
491 827
441 827
391 827
366 827
341 827
241 827
91 827
66 827
41 827
2375 818
2300 818
2291 818
2275 818
2241 818
2200 818
2175 818
2166 818
2150 818
2141 818
2100 818
2091 818
2075 818
2066 818
2041 818
2025 818
2016 818
1975 818
1950 818
1916 818
1875 818
1825 818
1791 818
1741 818
1666 818
1650 818
1641 818
1625 818
1616 818
1575 818
1541 818
1525 818
1450 818
1441 818
1425 818
1375 818
1350 818
1341 818
1316 818
1275 818
1225 818
1200 818
1116 818
1041 818
1025 818
975 818
966 818
925 818
825 818
816 818
800 818
750 818
725 818
716 818
691 818
650 818
600 818
566 818
516 818
450 818
441 818
425 818
416 818
400 818
375 818
366 818
341 818
300 818
275 818
250 818
241 818
225 818
216 818
200 818
175 818
125 818
100 818
91 818
75 818
2366 809
2341 809
2316 809
2300 809
2275 809
2266 809
2250 809
2191 809
2166 809
2150 809
2091 809
2075 809
2050 809
2025 809
1966 809
1941 809
1925 809
1891 809
1875 809
1825 809
1816 809
1800 809
1741 809
1716 809
1700 809
1691 809
1675 809
1641 809
1625 809
1600 809
1591 809
1566 809
1541 809
1516 809
1416 809
1316 809
1225 809
1216 809
1200 809
1191 809
1166 809
1116 809
1091 809
1075 809
1066 809
1050 809
1025 809
1016 809
991 809
966 809
950 809
941 809
916 809
900 809
891 809
791 809
691 809
600 809
591 809
575 809
525 809
500 809
491 809
466 809
441 809
425 809
416 809
391 809
366 809
350 809
341 809
291 809
266 809
241 809
225 809
216 809
191 809
175 809
166 809
116 809
91 809
66 809
50 809
41 809
866 785
850 785
816 785
566 785
541 785
491 785
466 785
441 785
400 785
316 785
275 785
175 785
66 785
50 785
875 776
850 776
841 776
825 776
816 776
775 776
750 776
725 776
700 776
625 776
600 776
575 776
566 776
550 776
541 776
516 776
450 776
325 776
300 776
291 776
225 776
125 776
100 776
91 776
75 776
66 776
866 767
850 767
825 767
775 767
766 767
741 767
725 767
716 767
700 767
691 767
666 767
616 767
591 767
575 767
550 767
525 767
500 767
491 767
475 767
466 767
441 767
425 767
416 767
350 767
341 767
316 767
291 767
225 767
216 767
191 767
116 767
91 767
75 767
475 743
350 743
341 743
291 743
216 743
141 743
125 743
116 743
91 743
50 743
475 734
466 734
441 734
425 734
391 734
350 734
300 734
266 734
216 734
191 734
150 734
100 734
450 725
441 725
416 725
400 725
366 725
350 725
300 725
291 725
275 725
216 725
200 725
175 725
166 725
150 725
141 725
116 725
91 725
75 725
66 725
775 701
766 701
716 701
666 701
641 701
616 701
566 701
516 701
450 701
341 701
300 701
291 701
116 701
91 701
41 701
800 692
766 692
741 692
725 692
716 692
675 692
666 692
650 692
641 692
616 692
591 692
575 692
541 692
500 692
400 692
375 692
366 692
350 692
341 692
300 692
266 692
225 692
200 692
116 692
91 692
75 692
50 692
41 692
791 683
766 683
750 683
725 683
691 683
666 683
650 683
625 683
600 683
575 683
566 683
550 683
525 683
516 683
500 683
491 683
466 683
391 683
366 683
350 683
300 683
291 683
266 683
225 683
216 683
191 683
175 683
166 683
141 683
116 683
100 683
91 683
66 683
41 683
766 659
716 659
666 659
500 659
491 659
450 659
441 659
391 659
375 659
316 659
291 659
266 659
116 659
91 659
66 659
775 650
766 650
750 650
725 650
716 650
666 650
616 650
600 650
575 650
541 650
500 650
450 650
300 650
275 650
266 650
241 650
200 650
175 650
166 650
150 650
116 650
91 650
75 650
766 641
741 641
725 641
691 641
666 641
591 641
566 641
550 641
516 641
500 641
450 641
441 641
416 641
400 641
391 641
325 641
316 641
291 641
266 641
250 641
241 641
191 641
175 641
166 641
141 641
116 641
91 641
66 641
50 641
41 641
1666 617
1591 617
1541 617
1500 617
1491 617
1441 617
1416 617
1341 617
1316 617
1191 617
1166 617
1116 617
1091 617
1066 617
1025 617
941 617
900 617
800 617
741 617
616 617
591 617
541 617
516 617
491 617
416 617
391 617
341 617
316 617
291 617
250 617
241 617
216 617
175 617
66 617
50 617
1725 608
1700 608
1691 608
1675 608
1666 608
1625 608
1616 608
1600 608
1566 608
1550 608
1541 608
1475 608
1450 608
1425 608
1350 608
1341 608
1325 608
1291 608
1250 608
1225 608
1200 608
1191 608
1175 608
1166 608
1141 608
1075 608
950 608
925 608
916 608
850 608
750 608
675 608
650 608
625 608
616 608
600 608
566 608
550 608
516 608
491 608
425 608
416 608
400 608
375 608
325 608
300 608
291 608
275 608
241 608
225 608
200 608
191 608
125 608
100 608
91 608
75 608
66 608
1716 599
1691 599
1675 599
1625 599
1616 599
1600 599
1591 599
1575 599
1550 599
1525 599
1516 599
1491 599
1475 599
1466 599
1450 599
1441 599
1416 599
1400 599
1391 599
1341 599
1316 599
1300 599
1291 599
1241 599
1216 599
1200 599
1175 599
1150 599
1125 599
1116 599
1100 599
1091 599
1066 599
1050 599
1041 599
975 599
966 599
941 599
916 599
850 599
841 599
816 599
750 599
741 599
716 599
675 599
666 599
641 599
625 599
600 599
591 599
575 599
541 599
525 599
516 599
500 599
491 599
466 599
425 599
400 599
391 599
366 599
350 599
341 599
325 599
316 599
291 599
266 599
241 599
216 599
200 599
191 599
116 599
91 599
75 599
525 575
491 575
466 575
416 575
391 575
366 575
325 575
316 575
291 575
250 575
141 575
66 575
525 566
516 566
500 566
491 566
475 566
450 566
400 566
375 566
366 566
350 566
316 566
300 566
275 566
266 566
200 566
175 566
166 566
150 566
141 566
100 566
75 566
500 557
475 557
466 557
441 557
425 557
416 557
400 557
391 557
366 557
341 557
316 557
291 557
275 557
266 557
191 557
166 557
150 557
100 557
91 557
75 557
66 557
41 557
1091 533
1066 533
1050 533
1041 533
1016 533
991 533
975 533
916 533
841 533
816 533
791 533
741 533
725 533
641 533
516 533
450 533
366 533
266 533
225 533
200 533
116 533
66 533
50 533
1100 524
1091 524
1066 524
1025 524
1016 524
1000 524
991 524
916 524
866 524
850 524
841 524
825 524
775 524
675 524
650 524
600 524
591 524
525 524
516 524
491 524
475 524
466 524
400 524
375 524
325 524
316 524
266 524
225 524
216 524
150 524
141 524
125 524
116 524
100 524
66 524
1100 515
1075 515
1041 515
1016 515
1000 515
916 515
891 515
875 515
841 515
816 515
800 515
791 515
766 515
750 515
741 515
675 515
666 515
650 515
641 515
616 515
591 515
575 515
566 515
541 515
516 515
500 515
466 515
400 515
391 515
375 515
366 515
341 515
316 515
300 515
291 515
266 515
241 515
225 515
141 515
125 515
91 515
75 515
1975 491
1966 491
1816 491
1800 491
1791 491
1725 491
1716 491
1691 491
1666 491
1591 491
1541 491
1491 491
1441 491
1416 491
1391 491
1375 491
1316 491
1291 491
1241 491
1216 491
1191 491
1166 491
1125 491
1116 491
1050 491
966 491
891 491
866 491
816 491
766 491
716 491
566 491
550 491
441 491
391 491
366 491
316 491
291 491
250 491
241 491
216 491
191 491
175 491
166 491
141 491
66 491
1975 482
1941 482
1900 482
1875 482
1850 482
1825 482
1766 482
1725 482
1691 482
1675 482
1641 482
1500 482
1491 482
1475 482
1466 482
1450 482
1425 482
1416 482
1391 482
1325 482
1316 482
1300 482
1275 482
1216 482
1200 482
1166 482
1150 482
1116 482
1100 482
1075 482
1000 482
975 482
900 482
875 482
841 482
825 482
816 482
775 482
766 482
741 482
716 482
691 482
666 482
625 482
616 482
600 482
575 482
566 482
500 482
475 482
466 482
450 482
441 482
400 482
375 482
366 482
325 482
316 482
300 482
216 482
200 482
191 482
141 482
100 482
75 482
1975 473
1966 473
1941 473
1900 473
1891 473
1866 473
1850 473
1841 473
1825 473
1816 473
1791 473
1775 473
1766 473
1725 473
1716 473
1691 473
1675 473
1666 473
1650 473
1616 473
1600 473
1591 473
1550 473
1541 473
1516 473
1491 473
1475 473
1466 473
1441 473
1416 473
1400 473
1391 473
1325 473
1300 473
1291 473
1266 473
1250 473
1241 473
1225 473
1216 473
1191 473
1166 473
1141 473
1116 473
1091 473
1075 473
1066 473
1000 473
991 473
975 473
966 473
941 473
900 473
891 473
866 473
850 473
825 473
791 473
775 473
750 473
716 473
700 473
666 473
641 473
616 473
591 473
566 473
491 473
466 473
450 473
391 473
375 473
325 473
300 473
291 473
266 473
241 473
225 473
191 473
166 473
150 473
141 473
100 473
91 473
75 473
66 473
41 473
791 449
766 449
741 449
691 449
616 449
566 449
541 449
475 449
416 449
316 449
241 449
191 449
166 449
116 449
66 449
791 440
775 440
766 440
750 440
725 440
675 440
650 440
641 440
625 440
575 440
566 440
550 440
541 440
475 440
466 440
450 440
425 440
375 440
350 440
341 440
325 440
316 440
266 440
250 440
200 440
191 440
175 440
166 440
116 440
66 440
800 431
775 431
750 431
741 431
716 431
700 431
691 431
666 431
650 431
641 431
625 431
616 431
591 431
566 431
541 431
516 431
475 431
441 431
425 431
416 431
366 431
341 431
325 431
275 431
266 431
241 431
200 431
166 431
141 431
125 431
116 431
75 431
41 431
2041 407
1991 407
1916 407
1841 407
1800 407
1716 407
1591 407
1566 407
1541 407
1500 407
1416 407
1316 407
1275 407
1250 407
1191 407
1066 407
1016 407
966 407
916 407
875 407
741 407
716 407
691 407
650 407
541 407
375 407
366 407
316 407
250 407
241 407
141 407
91 407
50 407
2075 398
2066 398
2050 398
2016 398
2000 398
1991 398
1975 398
1950 398
1925 398
1891 398
1875 398
1866 398
1850 398
1825 398
1741 398
1725 398
1675 398
1650 398
1641 398
1625 398
1591 398
1566 398
1550 398
1450 398
1425 398
1375 398
1366 398
1316 398
1275 398
1266 398
1191 398
1125 398
1100 398
1025 398
1000 398
975 398
966 398
916 398
875 398
866 398
825 398
800 398
791 398
775 398
741 398
716 398
700 398
600 398
575 398
566 398
550 398
541 398
491 398
475 398
450 398
416 398
375 398
325 398
316 398
275 398
250 398
200 398
175 398
166 398
150 398
141 398
100 398
66 398
2075 389
2066 389
2050 389
2041 389
2025 389
1991 389
1966 389
1941 389
1925 389
1916 389
1900 389
1875 389
1866 389
1850 389
1841 389
1816 389
1750 389
1741 389
1716 389
1666 389
1650 389
1641 389
1616 389
1591 389
1566 389
1541 389
1525 389
1516 389
1450 389
1441 389
1425 389
1416 389
1391 389
1366 389
1350 389
1341 389
1316 389
1291 389
1275 389
1200 389
1166 389
1125 389
1116 389
1091 389
1075 389
1066 389
1041 389
1025 389
1016 389
991 389
966 389
925 389
891 389
875 389
816 389
800 389
791 389
766 389
741 389
716 389
691 389
675 389
666 389
591 389
566 389
550 389
466 389
441 389
425 389
391 389
375 389
316 389
291 389
266 389
250 389
241 389
191 389
166 389
150 389
100 389
91 389
75 389
675 365
591 365
466 365
425 365
416 365
350 365
300 365
250 365
225 365
200 365
150 365
125 365
66 365
41 365
675 356
666 356
650 356
625 356
600 356
591 356
575 356
566 356
550 356
525 356
466 356
441 356
416 356
391 356
300 356
291 356
275 356
225 356
200 356
191 356
166 356
125 356
75 356
50 356
41 356
641 347
616 347
591 347
575 347
566 347
541 347
525 347
516 347
466 347
450 347
416 347
400 347
375 347
366 347
266 347
166 347
66 347
50 347
966 323
841 323
791 323
741 323
691 323
666 323
641 323
566 323
516 323
466 323
341 323
300 323
141 323
116 323
91 323
50 323
1000 314
991 314
975 314
941 314
925 314
875 314
841 314
750 314
741 314
725 314
716 314
700 314
675 314
666 314
641 314
600 314
566 314
550 314
541 314
525 314
491 314
466 314
375 314
366 314
350 314
341 314
316 314
300 314
291 314
241 314
225 314
200 314
191 314
175 314
141 314
116 314
100 314
1000 305
991 305
975 305
966 305
950 305
925 305
916 305
891 305
866 305
841 305
800 305
791 305
766 305
741 305
725 305
716 305
691 305
666 305
650 305
641 305
591 305
566 305
550 305
541 305
525 305
516 305
500 305
475 305
416 305
366 305
350 305
325 305
300 305
216 305
200 305
191 305
166 305
141 305
116 305
91 305
75 305
66 305
1716 281
1666 281
1591 281
1516 281
1475 281
1425 281
1366 281
1350 281
1291 281
1191 281
1141 281
1116 281
966 281
941 281
866 281
841 281
666 281
541 281
516 281
491 281
366 281
200 281
191 281
141 281
100 281
1750 272
1741 272
1725 272
1691 272
1675 272
1666 272
1650 272
1625 272
1600 272
1566 272
1550 272
1541 272
1525 272
1500 272
1425 272
1416 272
1400 272
1375 272
1291 272
1225 272
1216 272
1200 272
1166 272
1150 272
1125 272
1091 272
1075 272
1066 272
1050 272
1016 272
975 272
966 272
941 272
925 272
900 272
875 272
750 272
725 272
625 272
600 272
591 272
575 272
541 272
516 272
500 272
425 272
400 272
391 272
375 272
366 272
316 272
300 272
291 272
275 272
241 272
200 272
150 272
116 272
1750 263
1741 263
1725 263
1716 263
1700 263
1666 263
1641 263
1616 263
1600 263
1591 263
1575 263
1550 263
1541 263
1525 263
1516 263
1491 263
1425 263
1391 263
1375 263
1366 263
1300 263
1266 263
1225 263
1216 263
1200 263
1191 263
1175 263
1150 263
1141 263
1125 263
1116 263
1100 263
1075 263
1066 263
1041 263
1016 263
975 263
950 263
916 263
900 263
891 263
866 263
850 263
841 263
791 263
741 263
725 263
716 263
691 263
675 263
666 263
616 263
600 263
591 263
566 263
541 263
516 263
491 263
475 263
466 263
416 263
391 263
375 263
300 263
291 263
275 263
266 263
250 263
216 263
200 263
150 263
141 263
125 263
600 197
516 197
491 197
391 197
341 197
325 197
275 197
266 197
166 197
116 197
66 197
50 197
600 188
591 188
575 188
525 188
500 188
491 188
450 188
441 188
400 188
391 188
366 188
250 188
191 188
166 188
150 188
141 188
125 188
66 188
575 179
566 179
541 179
516 179
491 179
450 179
416 179
391 179
375 179
350 179
341 179
200 179
166 179
150 179
141 179
125 179
116 179
91 179
75 179
816 155
691 155
641 155
616 155
541 155
525 155
516 155
491 155
466 155
416 155
391 155
316 155
266 155
191 155
141 155
91 155
841 146
825 146
775 146
750 146
716 146
691 146
650 146
625 146
616 146
600 146
575 146
566 146
550 146
541 146
500 146
466 146
425 146
400 146
350 146
325 146
266 146
216 146
200 146
141 146
125 146
100 146
91 146
850 137
841 137
816 137
766 137
750 137
741 137
725 137
700 137
650 137
641 137
616 137
591 137
566 137
550 137
516 137
491 137
475 137
425 137
416 137
391 137
350 137
341 137
325 137
316 137
291 137
266 137
225 137
216 137
191 137
150 137
116 137
91 137
75 137
66 137
41 137
1000 113
991 113
941 113
925 113
916 113
891 113
791 113
766 113
666 113
591 113
566 113
516 113
441 113
425 113
416 113
391 113
366 113
225 113
200 113
175 113
66 113
50 113
1050 104
1041 104
1016 104
1000 104
950 104
941 104
900 104
866 104
800 104
775 104
725 104
700 104
675 104
666 104
600 104
566 104
516 104
491 104
441 104
391 104
275 104
225 104
216 104
125 104
100 104
91 104
75 104
66 104
1050 95
1025 95
1000 95
950 95
916 95
891 95
866 95
841 95
800 95
791 95
766 95
725 95
716 95
691 95
675 95
641 95
625 95
616 95
591 95
566 95
525 95
500 95
450 95
416 95
400 95
391 95
375 95
366 95
341 95
325 95
316 95
266 95
250 95
241 95
225 95
116 95
91 95
75 95
2825 71
2766 71
2716 71
2666 71
2650 71
2491 71
2441 71
2391 71
2350 71
2341 71
2325 71
2266 71
2191 71
2116 71
1966 71
1916 71
1900 71
1816 71
1716 71
1666 71
1616 71
1600 71
1541 71
1475 71
1441 71
1350 71
1341 71
1300 71
1216 71
1116 71
1075 71
1066 71
1041 71
991 71
941 71
841 71
791 71
716 71
641 71
600 71
516 71
391 71
366 71
341 71
300 71
216 71
116 71
75 71
50 71
2825 62
2816 62
2791 62
2766 62
2750 62
2741 62
2725 62
2666 62
2591 62
2575 62
2566 62
2516 62
2450 62
2441 62
2425 62
2416 62
2391 62
2366 62
2341 62
2275 62
2266 62
2191 62
2175 62
2141 62
2125 62
2116 62
2091 62
2025 62
2016 62
1975 62
1966 62
1941 62
1850 62
1825 62
1741 62
1716 62
1700 62
1691 62
1675 62
1616 62
1550 62
1525 62
1500 62
1475 62
1466 62
1450 62
1441 62
1425 62
1391 62
1350 62
1300 62
1291 62
1275 62
1241 62
1175 62
1150 62
1125 62
1116 62
1050 62
1041 62
1016 62
991 62
941 62
916 62
875 62
866 62
850 62
816 62
800 62
791 62
775 62
750 62
725 62
691 62
675 62
666 62
650 62
625 62
541 62
525 62
475 62
450 62
441 62
425 62
391 62
366 62
350 62
250 62
225 62
175 62
166 62
116 62
75 62
66 62
2800 53
2766 53
2750 53
2741 53
2725 53
2716 53
2691 53
2675 53
2575 53
2566 53
2541 53
2516 53
2500 53
2491 53
2466 53
2441 53
2416 53
2400 53
2375 53
2341 53
2275 53
2241 53
2200 53
2166 53
2150 53
2125 53
2100 53
2075 53
2066 53
2025 53
1991 53
1966 53
1950 53
1925 53
1916 53
1850 53
1841 53
1825 53
1816 53
1791 53
1750 53
1716 53
1700 53
1691 53
1675 53
1666 53
1641 53
1625 53
1550 53
1541 53
1516 53
1491 53
1475 53
1450 53
1416 53
1391 53
1350 53
1341 53
1316 53
1300 53
1275 53
1266 53
1250 53
1225 53
1216 53
1175 53
1166 53
1141 53
1125 53
1091 53
1066 53
1050 53
1025 53
1000 53
950 53
